1000
947
963
911
915
929
934
928
937
929
929
937
950
950
959
958
962
976
978
965
987
983
964
978
971
970
962
973
963
959
954
958
971
962
952
958
967
959
970
966
983
983
988
1003
977
983
975
966
960
966
974
982
913
911
914
919
923
928
916
907
786
799
815
818
823
815
829
837
819
827
837
843
847
845
823
825
832
839
844
850
841
835
843
819
819
822
825
820
819
824
818
827
825
828
839
844
849
836
840
840
848
850
825
820
806
820
822
836
832
837
774
781
760
771
777
767
774
778
772
777
778
798
807
818
822
749
748
742
761
746
746
752
763
777
751
769
784
793
812
799
805
805
807
810
812
822
822
831
836
789
788
793
798
787
797
733
740
750
755
762
764
765
770
775
775
771
784
783
733
701
712
723
725
718
725
721
708
712
720
733
749
756
767
769
764
767
728
731
736
735
735
732
747
764
750
740
746
734
744
747
722
695
622
609
608
624
645
660
646
665
640
646
619
625
626
627
637
637
648
645
643
655
639
634
637
646
648
644
637
634
625
640
662
669
676
691
696
702
701
697
702
712
724
726
722
722
738
756
760
771
778
761
779
720
737
729
744
733
733
738
744
756
753
745
762
746
752
768
769
767
754
771
768
751
757
762
768
772
784
799
819
763
772
771
759
755
769
766
762
770
774
777
767
751
755
730
736
725
710
702
670
677
671
681
689
696
708
717
712
717
725
719
707
714
721
725
701
718
726
725
738
715
692
699
702
708
708
711
721
718
730
733
733
742
739
734
714
708
719
684
687
706
713
700
713
712
706
721
731
734
731
746
746
756
738
741
735
727
733
747
755
751
767
747
737
747
755
771
776
784
780
774
759
756
752
632
645
649
632
629
614
619
613
604
573
579
594
607
603
572
569
551
568
583
590
597
589
603
621
607
585
586
588
588
598
604
611
607
621
600
605
608
601
544
517
527
519
524
542
552
559
543
543
534
514
483
466
481
496
487
492
471
462
488
489
504
500
506
506
525
412
430
420
413
414
401
403
398
397
397
382
387
392
363
361
353
360
337
338
314
313
304
312
327
338
337
347
353
357
372
368
365
373
382
387
398
406
388
383
396
396
392
393
401
409
409
411
402
389
395
405
420
402
373
368
371
382
389
389
384
393
408
154
162
162
173
174
160
164
169
169
173
172
184
179
186
189
161
179
188
164
173
193
196
181
190
185
186
197
208
214
221
224
236
235
248
236
244
250
253
254
218
211
213
211
193
207
172
183
181
176
180
179
178
179
185
192
188
204
197
197
206
-46